ae:0.00000
aq:0.00000
bc:0.00000
bd:0.00000
bg:0.00000
bh:0.00000
bk:0.00000
bm:0.00000
bp:0.00000
bq:0.00000
bw:0.00000
bx:0.00000
bz:0.00000
cb:0.00000
cf:0.00000
cj:0.00000
cm:0.00000
cn:0.00000
cp:0.00000
cq:0.00000
cv:0.00000
cw:0.00000
cx:0.00000
cz:0.00000
dj:0.00000
dx:0.00000
dz:0.00000
fd:0.00000
fg:0.00000
fj:0.00000
fk:0.00000
fm:0.00000
fn:0.00000
fp:0.00000
fq:0.00000
fv:0.00000
fx:0.00000
fz:0.00000
gc:0.00000
gd:0.00000
gf:0.00000
gj:0.00000
gk:0.00000
gp:0.00000
gq:0.00000
gv:0.00000
gx:0.00000
hg:0.00000
hj:0.00000
hk:0.00000
hp:0.00000
hq:0.00000
hv:0.00000
hx:0.00000
hz:0.00000
ih:0.00000
ii:0.00000
ij:0.00000
iw:0.00000
iy:0.00000
jb:0.00000
jc:0.00000
jd:0.00000
jf:0.00000
jg:0.00000
jh:0.00000
jj:0.00000
jk:0.00000
jl:0.00000
jm:0.00000
jn:0.00000
jp:0.00000
jq:0.00000
jr:0.00000
js:0.00000
jt:0.00000
jv:0.00000
jw:0.00000
jx:0.00000
jy:0.00000
jz:0.00000
kc:0.00000
kd:0.00000
kj:0.00000
kk:0.00000
kq:0.00000
kr:0.00000
kv:0.00000
kx:0.00000
kz:0.00000
lh:0.00000
lj:0.00000
lq:0.00000
lx:0.00000
lz:0.00000
md:0.00000
mg:0.00000
mh:0.00000
mj:0.00000
mk:0.00000
mv:0.00000
mx:0.00000
mz:0.00000
oj:0.00000
oq:0.00000
pc:0.00000
pf:0.00000
pj:0.00000
pn:0.00000
pq:0.00000
pv:0.00000
px:0.00000
pz:0.00000
qa:0.00000
qb:0.00000
qc:0.00000
qd:0.00000
qe:0.00000
qf:0.00000
qg:0.00000
qh:0.00000
qi:0.00000
qj:0.00000
qk:0.00000
ql:0.00000
qm:0.00000
qn:0.00000
qo:0.00000
qp:0.00000
qq:0.00000
qr:0.00000
qs:0.00000
qt:0.00000
qv:0.00000
qw:0.00000
qx:0.00000
qy:0.00000
qz:0.00000
rj:0.00000
rq:0.00000
rx:0.00000
rz:0.00000
sj:0.00000
sx:0.00000
sz:0.00000
tg:0.00000
tj:0.00000
tk:0.00000
tq:0.00000
tv:0.00000
tx:0.00000
tz:0.00000
uh:0.00000
uj:0.00000
uq:0.00000
ux:0.00000
vb:0.00000
vd:0.00000
vf:0.00000
vg:0.00000
vh:0.00000
vj:0.00000
vk:0.00000
vl:0.00000
vm:0.00000
vn:0.00000
vp:0.00000
vq:0.00000
vr:0.00000
vt:0.00000
vu:0.00000
vv:0.00000
vw:0.00000
vx:0.00000
vz:0.00000
wc:0.00000
wg:0.00000
wj:0.00000
wm:0.00000
wp:0.00000
wq:0.00000
wv:0.00000
wx:0.00000
wz:0.00000
xb:0.00000
xd:0.00000
xf:0.00000
xg:0.00000
xj:0.00000
xk:0.00000
xl:0.00000
xm:0.00000
xn:0.00000
xo:0.00000
xq:0.00000
xr:0.00000
xs:0.00000
xu:0.00000
xv:0.00000
xw:0.00000
xx:0.00000
xy:0.00000
xz:0.00000
yj:0.00000
yn:0.00000
yq:0.00000
yr:0.00000
yu:0.00000
yx:0.00000
yy:0.00000
yz:0.00000
zb:0.00000
zc:0.00000
zd:0.00000
zf:0.00000
zg:0.00000
zh:0.00000
zj:0.00000
zk:0.00000
zm:0.00000
zn:0.00000
zp:0.00000
zq:0.00000
zr:0.00000
zs:0.00000
zt:0.00000
zu:0.00000
zv:0.00000
zw:0.00000
zx:0.00000
fc:0.00039
yv:0.00039
td:0.00039
uk:0.00039
bn:0.00039
uv:0.00039
uu:0.00039
kg:0.00039
bf:0.00039
db:0.00039
kb:0.00039
uo:0.00039
kt:0.00039
mq:0.00039
kh:0.00039
sv:0.00039
xh:0.00039
vs:0.00039
pg:0.00039
tp:0.00039
ej:0.00079
vc:0.00079
yd:0.00079
cs:0.00079
km:0.00079
iq:0.00079
cd:0.00079
ao:0.00079
yg:0.00079
uw:0.00079
mw:0.00079
dq:0.00079
gz:0.00079
fb:0.00079
ku:0.00079
hb:0.00118
yk:0.00118
ww:0.00118
fh:0.00118
dc:0.00118
nh:0.00118
eu:0.00118
zl:0.00118
nm:0.00118
yp:0.00118
tb:0.00118
kp:0.00118
gm:0.00118
dh:0.00118
pw:0.00118
dp:0.00118
wf:0.00118
dt:0.00157
mn:0.00157
ln:0.00157
uz:0.00157
nq:0.00157
nr:0.00197
yh:0.00197
dk:0.00197
hc:0.00197
eq:0.00197
wt:0.00197
lg:0.00197
zy:0.00197
hn:0.00236
ji:0.00236
pk:0.00236
ax:0.00236
hf:0.00236
zz:0.00236
wb:0.00236
mt:0.00236
pm:0.00236
df:0.00236
bj:0.00275
wy:0.00275
aj:0.00275
bt:0.00275
nj:0.00275
sd:0.00314
np:0.00314
fw:0.00314
wk:0.00314
kw:0.00314
ml:0.00354
hh:0.00354
hw:0.00354
oz:0.00393
ya:0.00393
fs:0.00393
nx:0.00393
sg:0.00393
ym:0.00393
ko:0.00393
gb:0.00393
gt:0.00393
sb:0.00432
nb:0.00432
yc:0.00432
dv:0.00432
pd:0.00432
gy:0.00472
sf:0.00472
ox:0.00550
sr:0.00550
kf:0.00590
tn:0.00590
wu:0.00590
hd:0.00590
vy:0.00590
uy:0.00629
lb:0.00629
iu:0.00629
hl:0.00629
zo:0.00629
hm:0.00629
bv:0.00668
hs:0.00707
bs:0.00707
dm:0.00747
xe:0.00786
xi:0.00825
mf:0.00825
ez:0.00825
cc:0.00825
az:0.00865
nw:0.00865
dw:0.00865
pb:0.00904
ka:0.00943
nz:0.00943
zi:0.00983
yb:0.01022
aa:0.01100
fy:0.01140
wd:0.01140
ja:0.01218
rh:0.01218
je:0.01297
tf:0.01297
yl:0.01376
sq:0.01376
py:0.01493
eb:0.01533
nf:0.01533
gn:0.01690
sy:0.01690
rf:0.01729
lw:0.01729
lr:0.01729
nv:0.01808
lp:0.01808
xa:0.01808
yw:0.01847
rw:0.01886
tm:0.01926
ky:0.02044
ix:0.02083
rv:0.02122
xc:0.02319
ph:0.02319
lm:0.02319
cy:0.02319
ah:0.02555
lc:0.02594
oe:0.02633
rp:0.02751
dg:0.02908
jo:0.02948
xp:0.03026
oh:0.03105
wr:0.03183
gw:0.03183
ek:0.03223
rb:0.03223
va:0.03223
gu:0.03341
za:0.03341
ub:0.03458
hy:0.03498
ws:0.03537
lv:0.03734
mm:0.03812
eg:0.03969
cg:0.03969
nu:0.04009
yf:0.04048
mc:0.04323
kl:0.04441
ue:0.04598
bb:0.04638
ua:0.04677
xt:0.04755
ze:0.04795
ps:0.04834
ip:0.04873
mr:0.05031
uf:0.05227
wl:0.05266
ib:0.05541
ci:0.05541
gg:0.05699
gs:0.05777
sw:0.05817
my:0.05895
ia:0.05895
ob:0.05934
lk:0.05934
lt:0.06013
pt:0.06092
sm:0.06210
nn:0.06249
iz:0.06249
ty:0.06485
sk:0.06642
ks:0.06760
vo:0.06878
dy:0.06996
af:0.07035
eo:0.07113
og:0.07113
rl:0.07192
rg:0.07310
by:0.07389
yt:0.07428
ls:0.07546
rc:0.07585
cu:0.07664
rk:0.08135
lu:0.08253
ys:0.08568
ms:0.08568
nl:0.08607
uc:0.08646
fu:0.08843
gl:0.08843
oc:0.08843
ju:0.08882
ik:0.08882
aw:0.09039
yi:0.09118
ft:0.09472
ct:0.09589
ru:0.09629
sc:0.09747
mp:0.09982
eh:0.09982
bi:0.10022
tw:0.10297
pu:0.10297
ds:0.10415
dd:0.10572
oa:0.10651
oy:0.10886
hu:0.10886
gi:0.11437
mu:0.11594
dl:0.11672
ex:0.11712
iv:0.11869
nk:0.11869
tl:0.11908
lf:0.11947
wn:0.12340
hr:0.12458
ef:0.12498
tc:0.12498
au:0.12537
ov:0.12891
vi:0.12969
ew:0.13048
pi:0.13087
dr:0.13284
ny:0.13362
cr:0.13795
ui:0.13991
um:0.14188
ei:0.14345
su:0.14463
sp:0.15170
mb:0.15288
ep:0.15406
ud:0.15563
da:0.15720
od:0.15799
pp:0.15799
br:0.16192
fl:0.16231
nc:0.16310
kn:0.16388
qu:0.16506
tu:0.16585
if:0.16742
oi:0.16781
ga:0.16939
sn:0.17017
pr:0.17607
dn:0.17607
fa:0.17803
ns:0.17882
pa:0.17921
ab:0.18039
pl:0.18078
sl:0.18196
rn:0.18275
fr:0.18707
du:0.18943
cl:0.18943
rm:0.19179
ak:0.19257
ec:0.19454
os:0.19926
ki:0.20201
ie:0.20751
op:0.20829
ap:0.21458
up:0.21498
ff:0.21851
av:0.21930
ba:0.22048
na:0.22519
io:0.22559
ug:0.23423
po:0.23659
rd:0.24052
ye:0.24052
rt:0.24091
ni:0.24563
ts:0.24642
bu:0.25388
ss:0.26253
am:0.26292
wo:0.26803
fe:0.26882
mo:0.27275
ht:0.27275
ok:0.27314
si:0.27707
fi:0.28061
tt:0.28139
bl:0.28572
bo:0.28650
ig:0.28768
ay:0.29004
ce:0.29869
tr:0.30144
em:0.30301
ol:0.30615
ic:0.32070
di:0.32148
ev:0.32345
mi:0.33602
ma:0.34152
im:0.34467
ta:0.34585
ca:0.34624
ge:0.34821
ul:0.35174
ac:0.36157
ra:0.36314
gr:0.36668
sh:0.37375
rs:0.37768
ag:0.38122
la:0.38515
ir:0.38633
go:0.38869
ck:0.39340
ld:0.39694
il:0.40008
ur:0.40126
so:0.40755
wi:0.41069
us:0.42091
fo:0.42641
ti:0.42681
co:0.42759
gh:0.43074
ly:0.45668
de:0.46768
om:0.47593
un:0.47711
ey:0.48222
et:0.48615
el:0.49126
ch:0.49165
do:0.49323
sa:0.49676
we:0.50344
li:0.50502
ke:0.51288
pe:0.51877
wh:0.52545
lo:0.52545
yo:0.52545
ot:0.52860
ad:0.56947
ee:0.57930
nt:0.57930
ai:0.59502
ow:0.59973
no:0.61388
ut:0.61388
be:0.62606
ho:0.64100
me:0.64532
ri:0.65122
es:0.66340
oo:0.66772
of:0.66890
se:0.71567
rr:0.71960
al:0.72432
id:0.79191
is:0.79349
te:0.81785
ry:0.84458
ne:0.84772
ea:0.86423
ve:0.90392
ro:0.92750
en:0.92829
wa:0.93182
ll:0.93300
it:0.98292
st:1.03244
or:1.05012
as:1.11104
at:1.11457
le:1.14955
to:1.19278
hi:1.19514
ng:1.38654
nd:1.38968
on:1.44902
